 --- FLINT Results (   4.000000      orbits,         1000  loops)  ---
  
 A. Natural Step-size
      Method     Time(s) Closing Err  Jacobi Err      FCalls    Accepted    Rejected
  DOP54        0.362E+01   0.103E-01   0.853E-10       44853        7426          59
  DOP853       0.797E+00   0.578E-02   0.698E-10       15795        1071         263
  Verner65E    0.244E+01   0.284E-02   0.109E-10       32421        4011          45
  Verner98R    0.141E+01   0.209E-02   0.361E-11       15544         792         186
 X-axis (Y1) and Y-axis (Y2) crossing events
     EventID           X          Y1          Y2          Y3
           1   0.127E+01   0.113E-11   0.486E+00   0.000E+00
           1   0.513E+01   0.444E-14   0.810E+00   0.000E+00
           2   0.853E+01  -0.124E+01   0.275E-14   0.000E+00
           1   0.125E+02   0.154E-15  -0.103E+01   0.000E+00
           1   0.183E+02  -0.450E-11   0.486E+00   0.000E+00
           1   0.222E+02   0.885E-14   0.810E+00   0.000E+00
           2   0.256E+02  -0.124E+01  -0.972E-15   0.000E+00
           1   0.296E+02   0.219E-16  -0.103E+01   0.000E+00
           1   0.354E+02   0.502E-14   0.486E+00   0.000E+00
           1   0.393E+02   0.227E-15   0.810E+00   0.000E+00
           2   0.427E+02  -0.124E+01   0.194E-15   0.000E+00
           1   0.466E+02   0.343E-10  -0.103E+01   0.000E+00
           1   0.525E+02  -0.477E-10   0.486E+00   0.000E+00
           1   0.563E+02  -0.667E-15   0.810E+00   0.000E+00
           2   0.597E+02  -0.124E+01   0.677E-15   0.000E+00
           1   0.637E+02   0.965E-11  -0.102E+01   0.000E+00
 B. Interpolated Grid
      Method     Time(s) Closing Err  Jacobi Err      FCalls    Accepted    Rejected
  DOP54        0.634E+01   0.103E-01   0.890E-10       44853        7426          59
  DOP853       0.205E+01   0.578E-02   0.106E-09       18960        1071         263
  Verner65E    0.572E+01   0.284E-02   0.105E-08       36416        4011          45
  Verner98R    0.336E+01   0.209E-02   0.120E-10       19424         792         186
 X-axis (Y1) and Y-axis (Y2) crossing events
     EventID           X          Y1          Y2          Y3
           1   0.127E+01   0.113E-11   0.486E+00   0.000E+00
           1   0.513E+01   0.444E-14   0.810E+00   0.000E+00
           2   0.853E+01  -0.124E+01   0.275E-14   0.000E+00
           1   0.125E+02   0.154E-15  -0.103E+01   0.000E+00
           1   0.183E+02  -0.450E-11   0.486E+00   0.000E+00
           1   0.222E+02   0.885E-14   0.810E+00   0.000E+00
           2   0.256E+02  -0.124E+01  -0.972E-15   0.000E+00
           1   0.296E+02   0.219E-16  -0.103E+01   0.000E+00
           1   0.354E+02   0.502E-14   0.486E+00   0.000E+00
           1   0.393E+02   0.227E-15   0.810E+00   0.000E+00
           2   0.427E+02  -0.124E+01   0.194E-15   0.000E+00
           1   0.466E+02   0.343E-10  -0.103E+01   0.000E+00
           1   0.525E+02  -0.477E-10   0.486E+00   0.000E+00
           1   0.563E+02  -0.667E-15   0.810E+00   0.000E+00
           2   0.597E+02  -0.124E+01   0.677E-15   0.000E+00
           1   0.637E+02   0.965E-11  -0.102E+01   0.000E+00
